40:00 Cal 1 45 3 23 2 
40:00 Stanford 21 15 10 5 4
36:44 Cal 1 10 45 3 2
34:40 Cal 3 10 22 24 23
33:45 Cal 3 22 24 23 45
33:45 Stanford 21 15 5 4 22
32:38 Cal 2 22 45 23 10
32:38 Stanford 2 22 21 4 5
30:45 Cal 1 3 22 24 45
30:45 Stanford 2 5 10 21 22 
27:10 Cal 1 3 10 45 23
27:10 Stanford 2 4 15 22 21
25:10 Cal 1 3 10 24 45 
25:10 Stanford 2 4 5 15 22
24:50 Cal 2 1 3 45 24
23:24 Stanford 5 21 22 4 15
23:24 Cal 10 24 2 1 45
22:42 Stanford 10 5 15 21 22 
21:15 Cal 22 10 1 2 3
20:59 Cal 23 3 1 10 22
20:30 Stanford 2 10 5 15 21
20:15 Stanford 1 2 5 15 10 
20:15 Cal 1 2 3 23 22
20:00 Cal 1 2 3 23 45
20:00 Stanford 4 5 10 15 21
18:32 Cal 24 1 3 23 45
16:48 Cal 22 3 23 24 45
16:05 Stanford 5 10 15 21 22
14:30 Cal 1 3 23 24 45
14:30 Stanford 4 22 21 5 15
11:59 Cal 2 3 23 24 45
11:59 Cal 22 2 3 23 24 
11:59 Stanford 10 22 21 5 15
11:07 Cal 1 2 3 23 45 
10:38 Cal 1 3 10 23 45
9:30 Stanford 2 5 10 21 22
9:24 Cal 3 10 22 23 45
9:04 Cal 3 10 23 24 45
8:17 Cal 3 10 22 24 45
7:51 3 45 23 22 10
6:52 24 10 23 22 45